8750 9703
8750 8757
8751 9351
8752 9885
8752 9336
8752 9702
8753 9698
8754 9209
8755 9947
8755 9461
8755 8865
8756 9559
8757 8921
8758 8809
8758 9305
8759 8836
8760 9750
8761 9224
8763 9240
8764 9810
8764 9283
8766 9340
8767 9740
8768 8988
8772 9847
8772 9413
8773 8828
8774 9902
8775 9393
8776 8857
8776 9246
8776 9549
8777 9053
8778 9172
8779 8827
8779 8977
8780 9888
8781 9693
8782 8966
8783 9607
8784 9001
8785 9817
8786 8790
8787 9875
8787 9878
8789 9049
8791 9617
8792 9908
8793 9653
8793 9027
8794 8944
8794 9117
8794 9916
8795 8818
8798 9457
8798 9877
8798 9894
8798 9767
8802 9650
8802 8845
8803 9076
8803 9544
8804 9312
8805 8807
8805 9673
8806 8952
8808 8812
8809 9746
8810 9922
8810 9809
8810 9525
8811 9478
8811 9354
8812 9488
8813 9938
8815 9606
8816 9011
8816 9216
8817 8941
8818 9429
8819 9840
8820 9401
8820 9247
8821 9363
8822 9203
8822 9474
8822 9047
8823 9190
8823 9940
8823 9718
8824 8850
8824 9426
8825 9588
8825 9949
8826 9207
8826 9389
8828 9804
8829 9327
8830 9013
8830 9349
8830 9445
8831 9338
8835 9331
8835 9230
8835 9575
8835 9586
8836 9733
8837 9414
8838 9900
8838 8886
8840 9914
8840 9493
8841 9931
8843 9021
8844 9479
8844 9313
8845 9221
8845 9650
8850 9498
8850 9736
8851 9022
8851 9280
8852 9073
8853 9635
8853 9070
8854 9116
8854 9207
8855 8911
8855 9569
8856 9336
8856 9639
8857 9875
8858 9521
8858 9759
8860 9658
8861 9636
8862 8865
8864 9888
8869 8913
8869 9311
8870 9279
8870 8968
8870 9427
8874 9537
8874 9717
8876 9180
8878 9259
8879 9742
8879 9187
8879 9113
8881 8958
8883 9221
8883 9761
8883 9615
8884 9829
8884 9362
8885 9161
8886 9671
8886 9105
8887 8939
8889 9851
8890 9481
8891 9601
8891 9115
8892 9811
8893 9123
8894 9264
8894 9230
8894 9234
8894 9299
8895 9083
8897 9447
8898 9208
8899 9211
8899 9040
8900 9007
8901 9138
8902 9445
8902 9071
8902 9377
8903 9815
8906 9367
8906 9101
8907 9852
8909 9674
8910 9046
8910 9201
8911 9078
8911 9944
8913 9643
8915 8928
8916 9563
8916 9911
8917 9168
8918 9318
8919 9206
8920 9143
8920 9227
8921 9705
8921 9643
8922 9472
8924 9503
8924 9756
8926 9771
8926 8957
8928 9459
8929 8965
8929 9704
8930 9444
8930 9211
8930 9040
8930 8990
8931 9738
8932 9678
8933 9511
8934 9540
8935 9192
8936 9628
8936 9807
8937 9550
8938 9527
8938 9796
8940 9697
8940 9529
8942 9392
8944 9916
8945 9895
8945 9143
8945 9109
8946 9992
8946 9371
8948 9825
8949 9833
8950 9666
8950 9899
8953 9813
8953 9176
8954 9041
8954 9576
8955 9961
8956 9998
8956 9430
8957 9974
8958 9770
8959 9966
8959 9018
8959 9950
8960 9648
8962 9699
8962 9803
8963 9165
8963 9085
8964 9636
8967 9427
8968 9620
8968 8969
8968 9427
8969 9620
8969 9901
8970 9721
8970 9530
8970 9286
8971 9036
8971 9804
8972 9723
8973 9417
8974 9579
8975 9894
8976 9751
8980 9767
8981 9451
8982 9226
8983 9482
8984 9145
8985 9197
8986 9496
8987 9273
8987 9089
8989 9409
8989 9598
8990 9663
8990 9444
8991 9723
8993 9797
8995 9387
8996 9806
8997 9849
8998 9175
8999 9316
9001 9242
9002 9603
9002 9546
9003 9821
9004 9512
9005 9094
9005 9904
9010 9543
9010 9079
9011 9172
9016 9828
9017 9752
9017 9097
9017 9510
9018 9966
9020 9304
9020 9790
9021 9542
9022 9708
9024 9586
9024 9575
9024 9533
9024 9115
9025 9724
9026 9524
9028 9718
9030 9866
9031 9959
9031 9116
9035 9584
9035 9100
9037 9347
9037 9364
9040 9211
9041 9576
9042 9777
9042 9304
9044 9657
9045 9199
9047 9474
9048 9601
9048 9115
9050 9198
9052 9098
9057 9494
9058 9407
9059 9303
9060 9762
9061 9127
9062 9700
9062 9257
9064 9659
9065 9609
9067 9086
9067 9129
9068 9865
9070 9968
9071 9322
9072 9112
9073 9448
9074 9864
9075 9212
9076 9928
9076 9869
9080 9096
9082 9105
9083 9618
9084 9793
9084 9721
9090 9196
9091 9891
9091 9766
9092 9182
9092 9315
9093 9250
9093 9458
9094 9904
9095 9778
9096 9290
9097 9165
9097 9510
9097 9637
9099 9819
9099 9743
9100 9584
9101 9802
9102 9787
9103 9958
9103 9413
9104 9893
9105 9671
9108 9611
9110 9952
9111 9260
9111 9614
9112 9237
9114 9183
9115 9601
9118 9508
9118 9593
9120 9623
9124 9546
9125 9868
9125 9164
9126 9407
9126 9425
9128 9355
9128 9325
9129 9328
9130 9237
9131 9661
9134 9597
9134 9833
9137 9834
9137 9432
9139 9622
9139 9869
9141 9606
9141 9357
9142 9341
9142 9859
9146 9470
9147 9788
9148 9745
9148 9390
9150 9265
9151 9609
9151 9361
9152 9653
9154 9627
9155 9792
9156 9341
9157 9904
9157 9919
9158 9517
9159 9694
9160 9872
9162 9376
9162 9400
9163 9918
9165 9637
9167 9619
9167 9710
9168 9976
9170 9171
9170 9965
9171 9965
9172 9246
9174 9390
9175 9683
9176 9455
9177 9781
9177 9233
9177 9186
9179 9368
9179 9491
9182 9315
9182 9626
9185 9308
9185 9658
9186 9781
9186 9931
9186 9839
9187 9191
9190 9775
9191 9493
9191 9825
9193 9924
9193 9732
9194 9849
9195 9255
9196 9833
9198 9347
9199 9891
9200 9854
9201 9598
9202 9288
9203 9521
9204 9975
9204 9299
9205 9972
9207 9532
9210 9917
9212 9772
9214 9297
9215 9907
9215 9364
9217 9631
9218 9848
9219 9663
9221 9577
9221 9689
9221 9677
9224 9457
9224 9425
9227 9363
9228 9308
9231 9997
9234 9826
9234 9343
9236 9915
9237 9956
9239 9370
9240 9714
9243 9923
9244 9784
9245 9690
9246 9549
9247 9598
9248 9810
9249 9688
9253 9495
9253 9389
9256 9943
9256 9760
9258 9971
9258 9824
9259 9565
9265 9863
9265 9949
9266 9419
9267 9289
9270 9348
9274 9604
9275 9607
9276 9625
9277 9668
9278 9307
9281 9418
9284 9929
9286 9430
9287 9646
9288 9778
9291 9541
9291 9954
9292 9595
9293 9452
9296 9607
9296 9436
9298 9399
9299 9798
9300 9937
9300 9381
9301 9992
9301 9308
9303 9616
9306 9518
9307 9906
9308 9658
9309 9838
9310 9763
9311 9880
9311 9934
9313 9479
9314 9553
9317 9484
9319 9844
9320 9846
9324 9807
9324 9751
9325 9350
9326 9775
9329 9903
9331 9883
9331 9575
9333 9353
9333 9491
9334 9510
9337 9905
9339 9940
9340 9423
9341 9859
9342 9794
9343 9975
9345 9408
9346 9414
9348 9741
9353 9573
9355 9764
9357 9606
9360 9596
9362 9647
9365 9416
9366 9372
9369 9627
9370 9823
9371 9992
9375 9599
9376 9395
9377 9443
9377 9959
9378 9703
9379 9570
9380 9931
9380 9696
9381 9937
9382 9556
9383 9963
9386 9940
9388 9841
9389 9736
9390 9747
9391 9852
9394 9453
9398 9870
9400 9412
9400 9457
9401 9885
9402 9438
9402 9913
9403 9426
9406 9705
9406 9816
9407 9755
9409 9898
9411 9565
9412 9983
9416 9468
9421 9740
9421 9909
9424 9782
9425 9457
9427 9450
9428 9808
9431 9645
9435 9706
9435 9853
9437 9748
9438 9550
9439 9891
9439 9444
9440 9487
9446 9615
9449 9796
9451 9497
9453 9857
9455 9648
9455 9475
9460 9566
9461 9608
9461 9947
9462 9773
9463 9739
9463 9707
9464 9557
9464 9768
9466 9690
9468 9990
9470 9540
9470 9880
9471 9522
9474 9524
9476 9825
9476 9861
9477 9499
9477 9883
9477 9616
9478 9716
9483 9937
9483 9809
9486 9655
9488 9785
9489 9505
9490 9549
9490 9890
9494 9571
9499 9616
9501 9801
9502 9511
9515 9692
9516 9595
9518 9663
9519 9936
9520 9930
9521 9759
9522 9846
9525 9856
9525 9809
9527 9796
9528 9630
9530 9721
9532 9985
9533 9575
9536 9950
9537 9633
9541 9954
9542 9742
9543 9974
9544 9921
9548 9882
9548 9656
9549 9886
9552 9689
9555 9774
9555 9761
9556 9900
9557 9807
9558 9561
9559 9704
9569 9779
9572 9588
9575 9586
9577 9727
9578 9602
9579 9924
9581 9629
9583 9749
9585 9636
9585 9686
9585 9889
9592 9820
9596 9903
9597 9634
9599 9635
9600 9896
9602 9812
9603 9815
9604 9827
9606 9721
9613 9723
9616 9620
9619 9789
9622 9634
9623 9770
9626 9652
9632 9669
9633 9829
9638 9803
9640 9738
9640 9755
9642 9939
9645 9740
9646 9856
9646 9809
9655 9881
9659 9835
9664 9847
9664 9951
9675 9936
9677 9689
9680 9982
9687 9960
9694 9778
9695 9769
9696 9839
9696 9823
9699 9735
9702 9885
9706 9714
9722 9927
9724 9773
9725 9777
9727 9866
9736 9916
9753 9984
9758 9798
9758 9776
9767 9877
9776 9798
9780 9965
9783 9970
9783 9974
9794 9925
9799 9909
9809 9856
9812 9987
9820 9887
9828 9967
9835 9855
9842 9920
9853 9976
9861 9955
9863 9949
9865 9912
9868 9977
9875 9964
9880 9969
9908 9996
9942 9977
