8750 9915
8751 9761
8753 9043
8755 9381
8755 9373
8757 9572
8758 9061
8759 9338
8760 9332
8761 9065
8761 9023
8763 9532
8764 8794
8767 9766
8767 9401
8768 9957
8769 9055
8770 9899
8770 9504
8771 9705
8772 9684
8773 9098
8774 9465
8774 9143
8775 9153
8778 9748
8779 9333
8779 9216
8779 8849
8779 9141
8780 9738
8783 8924
8784 9410
8784 9022
8787 9128
8787 8993
8788 9906
8789 9005
8789 8982
8790 9773
8791 9565
8791 9870
8791 9498
8792 9245
8792 9036
8793 9226
8793 9172
8795 9879
8795 9894
8795 9305
8796 9881
8797 9948
8798 9074
8799 9837
8799 9007
8800 9989
8800 8953
8801 8976
8801 8890
8802 9073
8803 9149
8803 9530
8805 9306
8806 9001
8810 8952
8810 9888
8810 9329
8811 9702
8812 8908
8812 9046
8814 9557
8815 9207
8815 9553
8815 8944
8816 9913
8816 9911
8816 9245
8817 9884
8819 9096
8819 9946
8819 8955
8820 8823
8821 9934
8821 9085
8822 9854
8823 9714
8825 8895
8826 9406
8827 8957
8827 9422
8829 8959
8830 9296
8830 9486
8831 9223
8831 9607
8832 9916
8832 9923
8835 9601
8838 9776
8839 8860
8839 9350
8840 9208
8840 9231
8840 9604
8840 9484
8841 9343
8841 9663
8841 9862
8845 9534
8847 9903
8847 9668
8847 9155
8848 9588
8848 8966
8849 9333
8850 9687
8850 9918
8851 8936
8852 9287
8853 9044
8854 9322
8855 9790
8855 9084
8856 9340
8858 9380
8859 9645
8861 9679
8863 9828
8863 9890
8864 9732
8865 9286
8866 9654
8866 9048
8867 9293
8867 8934
8867 8917
8867 9370
8868 9855
8868 9457
8869 9322
8869 9549
8869 9768
8870 8895
8870 9951
8871 9600
8871 9250
8871 9388
8871 9628
8872 9625
8873 8876
8873 9325
8874 9205
8874 9569
8875 9661
8875 9764
8877 9178
8879 9247
8879 9941
8879 9289
8881 8939
8881 9768
8882 9908
8885 9367
8886 9198
8890 9177
8891 9775
8891 9325
8894 9840
8896 9569
8896 9838
8898 9856
8898 9010
8899 9669
8899 9880
8899 9282
8900 9837
8901 9420
8903 9495
8903 9560
8904 9900
8906 9032
8906 9720
8907 9082
8908 9046
8909 9213
8910 9830
8910 9445
8911 9939
8911 9081
8912 9029
8913 9644
8914 9014
8915 9638
8915 9918
8915 9521
8916 8949
8916 9952
8917 8934
8918 9994
8918 8969
8920 9510
8922 9985
8922 9167
8923 9623
8925 9791
8926 9799
8927 9833
8930 9143
8930 9162
8931 9068
8933 9670
8934 9218
8934 9293
8934 9732
8938 9509
8940 9379
8942 9918
8943 9832
8944 9553
8945 9365
8945 9889
8947 9129
8950 9769
8950 9759
8951 9603
8951 9512
8952 9021
8952 9329
8953 8956
8954 9914
8955 9359
8956 9278
8957 9073
8959 8996
8961 9840
8963 9326
8964 9521
8964 9638
8964 9027
8965 9252
8966 9744
8966 9848
8967 9068
8967 9077
8968 9706
8968 9204
8969 9294
8970 9912
8972 9857
8973 9240
8974 9434
8975 9255
8975 9861
8975 9884
8976 9561
8977 9643
8978 9294
8979 9095
8979 9627
8979 8989
8981 9121
8981 9593
8982 9731
8985 9187
8985 9072
8986 9329
8987 9408
8987 9194
8988 9203
8989 9992
8994 9262
8994 9269
8994 9283
8998 9197
8999 9825
8999 9193
9000 9393
9000 9887
9001 9056
9002 9191
9002 9693
9004 9009
9006 9279
9006 9753
9007 9837
9007 9184
9007 9124
9008 9727
9008 9195
9010 9026
9011 9781
9012 9100
9012 9728
9014 9121
9015 9999
9018 9874
9018 9703
9019 9496
9020 9363
9020 9950
9021 9455
9022 9410
9023 9271
9026 9902
9029 9582
9029 9297
9030 9639
9030 9150
9032 9804
9033 9641
9034 9868
9034 9617
9034 9309
9038 9586
9039 9451
9039 9125
9040 9920
9040 9513
9041 9949
9041 9930
9042 9724
9042 9798
9048 9654
9048 9929
9049 9858
9051 9114
9052 9162
9054 9962
9057 9257
9058 9439
9059 9219
9065 9694
9066 9626
9066 9784
9067 9568
9069 9606
9070 9808
9073 9835
9075 9259
9078 9403
9078 9557
9079 9558
9079 9160
9080 9680
9081 9939
9083 9873
9083 9182
9084 9173
9087 9547
9089 9990
9089 9451
9091 9276
9095 9198
9095 9627
9099 9733
9099 9468
9100 9941
9101 9740
9101 9835
9104 9147
9105 9289
9106 9443
9108 9756
9111 9609
9112 9504
9113 9889
9113 9463
9114 9591
9116 9150
9118 9171
9118 9778
9119 9839
9119 9332
9119 9771
9120 9959
9122 9888
9123 9902
9125 9211
9126 9471
9127 9713
9129 9519
9129 9430
9130 9994
9130 9542
9133 9208
9134 9954
9134 9352
9134 9860
9135 9209
9136 9929
9136 9515
9137 9372
9138 9321
9139 9299
9140 9819
9142 9411
9143 9932
9144 9911
9145 9367
9149 9530
9151 9236
9151 9164
9155 9879
9155 9668
9155 9957
9157 9855
9161 9599
9162 9166
9164 9675
9165 9539
9166 9616
9166 9882
9167 9985
9168 9701
9168 9873
9169 9282
9171 9778
9173 9704
9175 9878
9180 9189
9183 9291
9183 9961
9184 9885
9187 9808
9188 9274
9189 9703
9190 9498
9191 9503
9192 9444
9197 9745
9198 9797
9198 9704
9199 9258
9199 9740
9200 9335
9203 9351
9204 9706
9205 9569
9207 9398
9208 9231
9215 9433
9216 9486
9218 9550
9218 9293
9219 9250
9221 9362
9222 9864
9225 9697
9230 9244
9230 9257
9231 9523
9231 9484
9232 9551
9235 9785
9236 9658
9237 9645
9238 9291
9238 9292
9239 9805
9241 9823
9242 9926
9243 9656
9244 9954
9244 9429
9244 9382
9246 9655
9248 9342
9248 9575
9249 9791
9249 9843
9250 9755
9251 9967
9253 9811
9254 9436
9254 9851
9258 9953
9259 9671
9260 9323
9261 9889
9262 9310
9264 9346
9266 9380
9268 9356
9268 9523
9270 9898
9270 9454
9272 9467
9273 9809
9274 9983
9276 9460
9277 9298
9279 9390
9279 9753
9281 9442
9284 9895
9285 9909
9288 9826
9290 9460
9290 9893
9291 9292
9293 9817
9295 9296
9300 9636
9301 9384
9302 9940
9304 9624
9305 9562
9308 9425
9308 9521
9309 9617
9314 9994
9315 9344
9316 9689
9323 9397
9324 9506
9326 9649
9332 9428
9333 9979
9334 9907
9338 9909
9341 9527
9342 9612
9343 9751
9345 9653
9346 9619
9347 9927
9349 9453
9353 9459
9354 9953
9355 9853
9357 9942
9358 9562
9364 9787
9365 9905
9366 9376
9366 9855
9367 9873
9368 9630
9369 9844
9373 9381
9374 9523
9375 9690
9376 9893
9376 9855
9377 9945
9380 9809
9383 9447
9385 9897
9385 9388
9387 9409
9388 9928
9389 9596
9389 9704
9390 9608
9390 9820
9390 9438
9391 9949
9392 9966
9398 9456
9399 9426
9400 9937
9400 9650
9400 9576
9401 9766
9402 9786
9404 9461
9405 9765
9407 9465
9409 9674
9412 9489
9412 9779
9414 9848
9418 9745
9420 9694
9427 9515
9428 9628
9429 9954
9431 9656
9431 9696
9434 9506
9435 9454
9436 9851
9436 9892
9439 9746
9440 9991
9443 9846
9445 9673
9448 9930
9449 9688
9454 9650
9461 9847
9463 9545
9464 9938
9464 9607
9470 9769
9471 9978
9472 9971
9473 9962
9474 9982
9475 9737
9476 9695
9477 9812
9477 9844
9478 9912
9480 9975
9480 9978
9486 9791
9487 9593
9489 9963
9491 9746
9493 9854
9493 9782
9494 9949
9500 9726
9501 9946
9502 9834
9504 9642
9505 9635
9505 9818
9506 9868
9509 9808
9509 9763
9510 9684
9514 9621
9517 9553
9518 9990
9520 9982
9520 9570
9521 9638
9522 9563
9526 9955
9527 9878
9528 9774
9529 9743
9533 9905
9536 9996
9538 9735
9541 9992
9541 9690
9542 9822
9546 9968
9547 9668
9548 9812
9549 9725
9549 9768
9551 9672
9552 9669
9554 9968
9559 9943
9560 9859
9565 9870
9567 9926
9570 9982
9571 9587
9572 9694
9576 9650
9576 9915
9577 9940
9579 9865
9579 9818
9585 9661
9590 9904
9594 9839
9594 9924
9595 9743
9597 9613
9598 9977
9598 9677
9600 9777
9601 9631
9602 9761
9604 9672
9606 9987
9606 9917
9607 9708
9608 9933
9610 9777
9611 9707
9614 9976
9619 9853
9621 9721
9621 9775
9623 9959
9625 9960
9625 9730
9627 9992
9630 9900
9632 9762
9637 9907
9637 9838
9638 9640
9642 9828
9644 9931
9645 9708
9657 9752
9664 9754
9665 9790
9669 9880
9673 9849
9677 9782
9678 9816
9679 9863
9686 9925
9688 9820
9690 9846
9697 9999
9698 9741
9702 9815
9705 9807
9709 9859
9710 9803
9711 9774
9712 9814
9718 9752
9718 9757
9719 9925
9723 9834
9723 9747
9744 9848
9745 9996
9747 9829
9749 9901
9756 9980
9757 9852
9759 9769
9772 9961
9776 9872
9782 9977
9783 9798
9785 9966
9791 9843
9801 9984
9806 9852
9813 9937
9817 9995
9821 9991
9822 9955
9827 9831
9828 9924
9829 9861
9842 9935
9854 9944
9864 9876
9865 9866
9871 9959
9872 9973
9874 9972
9874 9983
9878 9951
9879 9957
9882 9967
9900 9942
9919 9936
9924 9936
9956 9988
