8750 9411
8751 8828
8753 9256
8753 9107
8754 9189
8754 9906
8754 9559
8754 9682
8756 9568
8756 9367
8757 9193
8758 9654
8759 9197
8760 9827
8761 9868
8762 9493
8762 9987
8763 9906
8763 9682
8763 9163
8764 9260
8765 9156
8766 9745
8767 9102
8768 9378
8768 8792
8769 9662
8770 9684
8770 8823
8770 9763
8771 9882
8771 9065
8771 9604
8772 8979
8772 9025
8773 9267
8774 9823
8776 9468
8777 8808
8778 8863
8778 9840
8780 9705
8780 9217
8781 9105
8781 9986
8781 9808
8782 9393
8783 9596
8783 8932
8784 8796
8784 9280
8784 9627
8784 9541
8785 9957
8787 8902
8788 8868
8789 8985
8789 9284
8790 8805
8791 9330
8792 9640
8793 9431
8795 9951
8795 9188
8796 9040
8796 9627
8796 9541
8798 9210
8799 9781
8799 9792
8801 9138
8801 9230
8803 8965
8804 9633
8805 9472
8806 9820
8809 9186
8809 9521
8810 8902
8812 8838
8812 9630
8813 9585
8813 9243
8814 8918
8815 9045
8815 9826
8816 9254
8816 9929
8816 9944
8817 9873
8817 9930
8818 9372
8818 9482
8821 9685
8822 8831
8822 9759
8824 9236
8825 9215
8826 9836
8826 9326
8827 9044
8828 8861
8829 9569
8831 9931
8831 9874
8832 9669
8834 9811
8836 9651
8836 9102
8836 9502
8837 9547
8838 9893
8839 9846
8839 9437
8839 9041
8842 8880
8842 9328
8843 9942
8844 9409
8844 9459
8845 9974
8846 9648
8847 9745
8847 9600
8849 9489
8850 9660
8851 9116
8852 9580
8852 9231
8852 9232
8852 9721
8855 9934
8856 8946
8856 8910
8858 8870
8860 9187
8865 8949
8865 9549
8865 9579
8867 9933
8867 9278
8867 9684
8867 9286
8868 8892
8869 9533
8872 9292
8872 9314
8874 9854
8876 8904
8877 9987
8877 8996
8878 9804
8878 9055
8880 9178
8881 9480
8882 9238
8882 9320
8882 8940
8884 9910
8886 9194
8887 9948
8888 9670
8888 9956
8890 9469
8890 9283
8891 9303
8891 9765
8892 9418
8893 9101
8896 8976
8898 9133
8899 9212
8900 9429
8901 9930
8902 9440
8903 9278
8903 9895
8905 9582
8905 9618
8907 9228
8907 9998
8907 9214
8909 8991
8910 9678
8911 9667
8911 9479
8912 9283
8913 9551
8913 9767
8914 9458
8915 9894
8915 9067
8916 9574
8918 9457
8919 9014
8919 9938
8922 9412
8922 9719
8923 9742
8923 9069
8924 9575
8925 9484
8926 9961
8926 9386
8927 9911
8929 9626
8930 9008
8932 9577
8933 9465
8933 9178
8934 9748
8935 9408
8937 9862
8937 9354
8938 9762
8940 9349
8940 9320
8940 9119
8942 9237
8942 9042
8944 9512
8944 9582
8945 9797
8947 9535
8950 9593
8951 9803
8951 9117
8952 9563
8953 9043
8955 9090
8956 9380
8957 9346
8958 9645
8959 9854
8961 9149
8962 9916
8963 8998
8964 9832
8964 9778
8966 9964
8966 9730
8971 9929
8972 9600
8974 9905
8976 9843
8977 9571
8977 9005
8978 9192
8980 9526
8982 9491
8983 9030
8984 9822
8984 9796
8985 9597
8986 9835
8986 9431
8987 9905
8988 9257
8989 9688
8990 9400
8990 9635
8991 9844
8991 9552
8994 8995
8997 9128
8997 9791
8999 9537
8999 9941
9000 9061
9003 9154
9006 9656
9006 9372
9006 9301
9006 9112
9009 9356
9011 9032
9011 9209
9012 9508
9013 9445
9014 9123
9014 9938
9015 9655
9016 9596
9016 9635
9017 9888
9020 9988
9021 9547
9022 9450
9023 9882
9024 9523
9029 9198
9031 9612
9031 9111
9032 9227
9032 9286
9033 9253
9034 9947
9035 9700
9035 9937
9035 9253
9036 9190
9037 9687
9037 9862
9038 9696
9038 9993
9038 9401
9039 9879
9039 9639
9040 9811
9040 9627
9042 9237
9043 9990
9045 9548
9045 9826
9046 9588
9048 9392
9048 9663
9050 9343
9050 9201
9051 9902
9051 9212
9052 9923
9054 9649
9055 9302
9057 9964
9058 9352
9059 9770
9059 9545
9059 9392
9060 9091
9062 9075
9063 9702
9063 9129
9065 9908
9065 9189
9065 9882
9067 9097
9067 9174
9068 9542
9069 9742
9071 9900
9075 9931
9077 9370
9077 9762
9079 9156
9080 9436
9080 9601
9080 9922
9081 9841
9084 9281
9086 9856
9087 9338
9088 9451
9089 9953
9089 9543
9092 9595
9093 9139
9093 9805
9095 9290
9096 9913
9098 9955
9100 9658
9102 9985
9103 9398
9103 9732
9107 9529
9108 9420
9109 9956
9110 9289
9110 9122
9111 9231
9113 9299
9113 9240
9113 9939
9114 9142
9114 9896
9115 9954
9117 9803
9118 9923
9121 9983
9124 9903
9125 9365
9126 9635
9127 9753
9128 9322
9130 9769
9130 9533
9131 9363
9132 9260
9134 9228
9134 9518
9135 9318
9136 9712
9137 9972
9137 9659
9140 9492
9141 9495
9142 9910
9143 9670
9144 9869
9145 9999
9145 9341
9146 9793
9148 9704
9149 9724
9150 9288
9153 9692
9153 9488
9154 9454
9155 9644
9157 9796
9158 9862
9158 9908
9160 9314
9161 9313
9162 9446
9165 9812
9165 9776
9167 9898
9168 9659
9169 9231
9170 9222
9170 9360
9172 9742
9174 9208
9175 9368
9176 9535
9179 9740
9180 9554
9180 9861
9182 9873
9182 9319
9183 9957
9184 9969
9184 9617
9185 9245
9185 9553
9186 9588
9186 9495
9188 9308
9189 9559
9189 9604
9190 9403
9191 9401
9195 9310
9195 9838
9199 9839
9200 9958
9200 9542
9203 9695
9206 9381
9208 9642
9209 9586
9210 9929
9211 9415
9213 9996
9214 9998
9216 9554
9216 9637
9218 9884
9218 9743
9218 9466
9218 9982
9221 9447
9222 9978
9223 9326
9224 9734
9225 9834
9227 9286
9228 9520
9229 9868
9230 9726
9232 9580
9232 9300
9232 9721
9234 9462
9239 9366
9240 9299
9240 9939
9241 9929
9242 9586
9242 9254
9243 9723
9244 9906
9245 9647
9249 9509
9253 9937
9253 9405
9254 9700
9254 9944
9257 9908
9258 9362
9258 9486
9259 9342
9260 9849
9261 9878
9261 9406
9262 9720
9262 9950
9264 9541
9266 9641
9266 9673
9268 9476
9269 9482
9270 9609
9270 9548
9272 9517
9273 9904
9273 9735
9273 9391
9274 9834
9276 9341
9277 9699
9278 9676
9278 9920
9279 9510
9280 9871
9284 9326
9285 9924
9286 9920
9286 9684
9287 9385
9288 9480
9288 9575
9289 9925
9289 9530
9290 9351
9291 9415
9291 9644
9292 9453
9293 9656
9297 9465
9298 9914
9298 9998
9300 9747
9302 9555
9303 9324
9303 9765
9304 9504
9306 9461
9307 9378
9308 9508
9309 9968
9313 9353
9315 9629
9315 9665
9316 9847
9321 9385
9321 9689
9323 9825
9325 9535
9325 9554
9327 9662
9327 9877
9327 9452
9329 9571
9331 9661
9332 9980
9335 9967
9336 9469
9337 9794
9338 9681
9339 9673
9343 9536
9344 9997
9344 9717
9348 9830
9351 9996
9354 9550
9355 9544
9358 9773
9359 9363
9361 9967
9363 9785
9364 9837
9369 9758
9370 9762
9373 9711
9376 9982
9379 9691
9382 9855
9383 9391
9383 9669
9384 9643
9384 9603
9387 9891
9388 9667
9390 9498
9390 9965
9392 9663
9393 9562
9394 9628
9394 9524
9397 9797
9398 9732
9401 9646
9402 9477
9403 9746
9403 9475
9403 9758
9405 9937
9405 9621
9406 9483
9406 9594
9407 9933
9408 9619
9409 9459
9410 9468
9411 9701
9411 9684
9414 9899
9416 9444
9416 9853
9421 9581
9424 9860
9424 9604
9426 9809
9426 9627
9427 9616
9428 9681
9429 9622
9430 9951
9432 9608
9436 9441
9438 9883
9444 9919
9444 9853
9445 9741
9446 9717
9449 9857
9451 9869
9452 9519
9453 9791
9455 9761
9456 9695
9461 9946
9461 9485
9462 9589
9463 9645
9463 9896
9466 9743
9466 9982
9471 9645
9475 9758
9475 9987
9476 9751
9477 9594
9479 9667
9481 9786
9484 9922
9486 9687
9487 9718
9487 9576
9487 9661
9488 9578
9491 9607
9491 9741
9496 9622
9497 9956
9497 9543
9499 9920
9500 9666
9501 9522
9502 9668
9503 9531
9504 9973
9510 9697
9512 9518
9514 9789
9516 9590
9516 9768
9519 9877
9521 9910
9524 9768
9530 9962
9530 9925
9532 9556
9533 9941
9534 9579
9537 9622
9539 9831
9539 9620
9540 9677
9546 9591
9549 9579
9551 9767
9552 9844
9558 9900
9559 9565
9559 9682
9560 9561
9568 9690
9573 9786
9574 9761
9575 9804
9576 9718
9585 9749
9588 9890
9589 9744
9601 9795
9604 9860
9606 9734
9612 9884
9614 9707
9615 9685
9616 9833
9617 9969
9618 9893
9621 9937
9625 9808
9625 9774
9626 9672
9638 9807
9639 9642
9646 9656
9651 9864
9654 9843
9655 9936
9661 9943
9662 9877
9670 9897
9677 9813
9677 9823
9678 9865
9680 9969
9682 9906
9686 9781
9686 9783
9689 9961
9698 9940
9700 9726
9700 9801
9702 9912
9707 9839
9710 9898
9722 9953
9723 9749
9724 9926
9725 9970
9731 9899
9741 9792
9747 9968
9748 9819
9751 9909
9753 9799
9755 9861
9756 9976
9766 9848
9770 9842
9771 9977
9772 9780
9776 9905
9776 9812
9777 9880
9779 9845
9784 9992
9802 9952
9806 9960
9810 9847
9827 9901
9828 9949
9850 9886
9855 9875
9859 9917
9876 9901
9892 9915
9913 9977
9914 9998
9929 9944
9932 9966
9955 9980
